dataset 1
Random process burst time : [8, 8, 7, 7, 4, 5, 8, 4, 4, 6, 4, 2, 6, 8, 7, 6, 5, 7, 5, 2, 5, 6, 7, 4, 6, 7, 8, 8, 7, 2, 4, 2, 3, 7, 6, 6, 8, 7, 6, 7, 8, 7, 25, 22, 21, 24, 23, 21, 20, 20, 21, 28, 26, 26, 38, 37, 39, 38, 36, 37]
Randomly queue up : [7, 6, 7, 21, 8, 8, 6, 8, 5, 21, 2, 8, 6, 6, 2, 8, 8, 4, 6, 4, 6, 2, 36, 7, 7, 5, 7, 38, 20, 8, 8, 20, 26, 37, 7, 37, 6, 7, 6, 2, 7, 4, 26, 38, 24, 23, 4, 5, 4, 7, 5, 7, 22, 4, 39, 21, 25, 7, 3, 28]


dataset 2
Random process burst time : [5, 6, 5, 8, 4, 8, 2, 2, 2, 6, 7, 4, 7, 6, 3, 2, 8, 2, 5, 8, 22, 23, 30, 21, 29, 28, 26, 28, 27, 27, 27, 23, 40, 35, 35, 39, 35, 39, 36, 35]
Randomly queue up : [28, 3, 27, 35, 4, 6, 5, 36, 6, 29, 7, 8, 6, 22, 2, 2, 7, 2, 39, 5, 8, 39, 5, 23, 2, 28, 35, 27, 21, 30, 2, 40, 23, 27, 4, 35, 26, 8, 8, 35]


datatset 3
Random process burst time : [3, 3, 3, 5, 5, 8, 8, 3, 25, 24, 23, 22, 26, 25, 30, 23, 40, 35, 40, 36]
Randomly queue up : [22, 3, 26, 23, 8, 3, 5, 23, 30, 35, 25, 8, 36, 40, 3, 5, 25, 3, 40, 24]
